-1.09;-.58;.45;-.18;-.05;.74;-.50;.91;-.81;.00;.70;-.32;.01;-.95;1.08;.41
.78;.15;.13;-.72;.74;.35;1.04;.76;.38;-.91;-.82;-.21;-1.33;.99;-1.74;-.80
1.27;.24;.80;1.07;1.36;2.44;1.41;-1.00;.05;-.50;-1.04;-1.52;-1.74;-1.18;-8.31;-.36
.92;-1.79;.22;.15;-.71;-.61;-.57;.99;-.27;1.19;-.27;-.19;-.29;1.13;2.18;-.51
.68;.77;1.91;.90;-.26;-.26;.71;-.81;-1.05;-.37;.16;-.94;-.03;-.26;-4.04;-.83
1.58;1.20;.20;.33;-.56;-.09;-.29;-.44;1.11;-.50;-.62;-1.35;-1.20;-.14;-.91;.36
.51;.19;-.71;-.36;.60;-.14;.20;-.55;-.27;-.77;.10;.22;.27;.63;-2.28;-.50
2.06;.51;-.07;.05;.30;.02;1.40;.34;-.66;.00;-1.62;-.91;-.14;-1.43;-2.07;-.94
.72;1.17;.73;.85;-.17;.76;-1.44;.00;.79;.09;-1.54;.12;-.43;-1.57;-2.27;.57
-.03;.22;.41;-.59;-.16;.56;-.43;-.84;-.39;-.15;.26;.00;-.91;.27;-1.75;.23
.70;-.64;-.51;-.69;-.42;-.21;-.54;-.57;-.64;-.91;.96;-.19;.32;.34;.88;-.48
.21;-.10;.97;1.31;1.51;1.35;.79;-.07;-.32;-.38;-.83;-1.35;-.90;-.80;-6.10;-.13
-.63;.80;-.16;-.91;.84;.43;.66;-.26;.86;.85;.36;.08;-.86;.88;-.90;.65
.91;.76;.05;.42;.81;-.29;.64;-.55;.63;-.43;.60;.46;-.62;.81;.54;.56
-.60;-.34;-.75;.25;.78;.38;-.82;-.86;-.05;-.98;-.10;-.50;.87;-.60;-.42;.82
.31;-.24;-.22;-.22;.01;-.72;-.33;-.52;-.60;.86;.68;1.11;-1.02;.34;.71;.22
.33;-.17;.95;-.01;-.63;.64;.85;.33;-.08;.09;.52;.22;-.05;-.91;.73;-.78
.91;.51;.44;.86;.97;.11;-.61;1.73;-.51;-1.25;-.32;-.38;.12;-2.09;-2.61;.90
-.37;.86;.38;-.18;-.98;.14;1.12;-.06;-.09;1.02;-1.08;.10;-1.10;-.79;-1.34;-.59
.40;1.14;1.17;.24;-.33;-1.27;.04;-.02;-.32;.48;-.60;.36;-.96;-.82;-2.61;-.31
.15;.80;1.30;.88;.26;.88;.64;3.08;-.02;.92;-.41;1.15;.51;.31;-.36;-.03;-.48;2.18;-.97;1.01;.72;.05
-.50;1.58;.70;-2.90;.37;3.12;.12;1.75;1.89;.93;.91;.64;.39;1.70;.56;.74;.79;.48;-.13;.95;-.09;.21
-1.04;.54;1.16;.09;1.19;-.99;-1.01;-.30;1.80;1.56;-.43;1.32;.24;1.41;.66;-1.35;1.54;.42;1.66;1.51;.46;-.42
-.92;1.39;1.51;-.43;1.33;-.31;.32;-2.87;-.06;1.43;.13;1.54;.20;.12;-.88;-.76;1.20;1.70;-1.94;1.34;1.99;-.19
-1.14;1.34;1.17;-2.19;1.66;-4.56;.34;1.71;.57;1.50;-.85;1.24;.69;.77;-.94;.35;1.45;1.74;1.03;.09;1.08;-.70
-.82;-.74;1.59;-1.26;1.23;-1.18;1.93;.96;1.53;1.32;-.04;1.08;.99;2.28;.22;-2.18;.40;.22;.08;-2.21;2.11;-.45
-.46;1.03;1.57;-.45;.93;.93;3.47;.55;-1.64;1.41;.10;2.06;.20;.22;.18;.79;.85;-.26;2.23;.22;1.26;-.49
.64;.65;1.27;.95;.44;.80;.85;3.38;.03;.74;-.47;.93;.80;.16;.46;-.28;.04;2.22;-1.41;1.44;.29;-.17
.14;1.76;.77;-3.05;.35;3.29;.16;1.40;1.68;1.00;.40;.48;.36;.77;.95;.82;.87;.86;.66;.92;.96;.65
.04;.64;1.23;.18;1.36;-1.07;-1.16;-.24;1.84;1.61;.04;1.23;1.57;.54;-.77;-1.36;.08;.37;1.52;1.51;1.66;-.07
